300 3 
73 9
51 138
13 109
27 29
66 123
109 112
1 139
45 48
89 131
54 99
33 138
74 26
1 66
69 117
95 109
104 43
74 14
143 1
14 91
15 113
70 73
3 77
113 79
44 107
6 32
86 29
59 92
112 87
85 93
53 111
42 6
86 38
8 13
48 119
93 126
22 147
58 104
124 52
133 104
19 11
81 98
2 66
36 8
22 127
15 55
73 102
129 113
1 7
3 129
79 39
115 23
124 129
49 34
128 42
91 125
117 28
59 129
60 53
102 55
27 113
79 5
41 148
56 50
68 125
69 138
101 32
140 32
94 102
145 147
124 125
137 136
143 33
132 145
96 124
4 40
45 147
141 16
95 100
112 127
16 145
123 7
36 9
147 21
80 117
32 140
18 30
121 43
49 31
61 83
1 54
46 95
2 47
25 86
92 134
122 33
142 66
90 16
94 74
135 69
43 49
136 55
142 27
59 9
124 105
115 52
88 70
64 49
31 136
7 63
5 102
23 100
128 96
40 46
80 87
75 59
82 68
79 51
32 10
0 40
57 120
126 141
90 82
81 99
106 121
85 1
139 96
72 110
103 137
86 65
72 119
104 90
114 75
76 39
91 32
74 110
41 64
146 14
69 40
144 49
126 38
45 121
88 132
143 133
130 73
95 123
140 15
7 119
91 57
77 137
46 29
35 112
77 49
17 52
52 131
53 63
70 139
80 61
100 33
2 3
60 68
31 142
101 33
5 124
91 121
139 53
69 79
92 11
123 70
16 75
98 85
76 141
40 45
9 27
131 35
125 81
38 119
65 55
117 85
114 102
142 33
2 80
69 108
88 78
149 145
25 137
81 23
77 129
141 108
90 35
103 122
18 89
146 142
68 109
36 96
138 48
8 101
76 62
125 116
5 137
46 128
149 0
116 115
25 8
52 15
82 110
94 140
48 39
118 134
115 38
56 2
64 123
0 9
61 88
88 105
130 101
94 124
37 84
23 115
134 22
54 96
138 67
136 124
149 125
100 34
93 4
123 118
93 41
75 23
91 22
121 111
55 66
75 87
52 87
114 81
1 50
14 105
116 127
138 94
21 79
49 57
14 34
7 99
82 85
98 8
100 7
91 54
40 0
132 99
23 89
57 32
130 17
4 77
64 105
71 46
44 88
27 31
15 11
112 55
10 120
40 38
44 77
131 19
87 136
55 70
29 4
76 80
148 20
119 20
77 81
47 137
144 94
73 115
147 133
5 58
32 125
27 96
66 49
24 18
143 135
35 91
145 113
29 98
36 73
65 129
16 110
132 13
30 0
32 116
97 41
34 91
50 10
144 114
55 37
133 108
65 49
106 138
73 29
29 16
75 120
18 34